C:\ProgramData\Anaconda3\python.exe C:/Users/Aviel/PycharmProjects/Final/feature_selection/sbs_with_knn_and_forest.py
--------------------- SBS --------------------------
[0, 1, 2, 3, 4, 5, 6, 7, 8, 9, 10, 11, 12, 13, 14, 15, 16, 17, 18, 19, 20, 21, 22, 23, 24, 25, 26, 27, 28, 29, 30, 31, 32, 33, 34, 35, 36, 37, 38, 39, 40, 41, 42, 43, 44, 45, 46, 47, 48, 49, 50, 51, 52, 53, 54, 55, 56, 57, 58, 59, 60, 61, 62, 63, 64, 65, 66, 67, 68, 69, 70, 71, 72, 73, 74, 75, 76, 77, 78, 79, 80, 81, 82, 83, 84, 85, 86, 87, 88, 89, 90, 91, 92, 93, 94, 95, 96, 97, 98, 99, 100, 101]
[0, 1, 2, 3, 4, 5, 6, 7, 8, 9, 10, 11, 12, 13, 14, 15, 16, 17, 18, 19, 20, 21, 22, 23, 24, 25, 26, 27, 28, 29, 30, 31, 32, 33, 34, 35, 36, 37, 38, 39, 40, 41, 42, 43, 44, 46, 47, 48, 49, 50, 51, 52, 53, 54, 55, 56, 57, 58, 59, 60, 61, 62, 63, 64, 65, 66, 67, 68, 69, 70, 71, 72, 73, 74, 75, 76, 77, 78, 79, 80, 81, 82, 83, 84, 85, 86, 87, 88, 89, 90, 91, 92, 93, 94, 95, 96, 97, 98, 99, 100, 101]
[0, 1, 2, 3, 4, 5, 6, 7, 8, 9, 10, 11, 12, 13, 14, 15, 16, 17, 18, 19, 20, 21, 22, 23, 24, 25, 26, 27, 28, 29, 30, 31, 32, 33, 34, 35, 36, 37, 38, 39, 40, 41, 42, 43, 44, 46, 47, 48, 49, 51, 52, 53, 54, 55, 56, 57, 58, 59, 60, 61, 62, 63, 64, 65, 66, 67, 68, 69, 70, 71, 72, 73, 74, 75, 76, 77, 78, 79, 80, 81, 82, 83, 84, 85, 86, 87, 88, 89, 90, 91, 92, 93, 94, 95, 96, 97, 98, 99, 100, 101]
[0, 1, 2, 3, 4, 5, 6, 7, 8, 9, 10, 11, 12, 13, 14, 15, 16, 17, 18, 19, 20, 21, 22, 23, 24, 25, 26, 27, 28, 29, 30, 31, 32, 33, 34, 35, 36, 37, 39, 40, 41, 42, 43, 44, 46, 47, 48, 49, 51, 52, 53, 54, 55, 56, 57, 58, 59, 60, 61, 62, 63, 64, 65, 66, 67, 68, 69, 70, 71, 72, 73, 74, 75, 76, 77, 78, 79, 80, 81, 82, 83, 84, 85, 86, 87, 88, 89, 90, 91, 92, 93, 94, 95, 96, 97, 98, 99, 100, 101]
[0, 1, 2, 3, 4, 5, 6, 7, 8, 9, 10, 11, 12, 13, 14, 15, 16, 17, 18, 19, 20, 21, 22, 23, 24, 25, 26, 27, 28, 29, 30, 31, 32, 33, 34, 35, 36, 37, 39, 40, 41, 42, 43, 44, 46, 47, 48, 51, 52, 53, 54, 55, 56, 57, 58, 59, 60, 61, 62, 63, 64, 65, 66, 67, 68, 69, 70, 71, 72, 73, 74, 75, 76, 77, 78, 79, 80, 81, 82, 83, 84, 85, 86, 87, 88, 89, 90, 91, 92, 93, 94, 95, 96, 97, 98, 99, 100, 101]
[0, 1, 2, 3, 4, 5, 6, 7, 8, 9, 10, 11, 12, 13, 14, 15, 16, 17, 18, 19, 20, 21, 22, 23, 24, 25, 26, 27, 28, 29, 30, 31, 32, 34, 35, 36, 37, 39, 40, 41, 42, 43, 44, 46, 47, 48, 51, 52, 53, 54, 55, 56, 57, 58, 59, 60, 61, 62, 63, 64, 65, 66, 67, 68, 69, 70, 71, 72, 73, 74, 75, 76, 77, 78, 79, 80, 81, 82, 83, 84, 85, 86, 87, 88, 89, 90, 91, 92, 93, 94, 95, 96, 97, 98, 99, 100, 101]
[0, 1, 2, 3, 4, 5, 6, 7, 8, 9, 10, 11, 12, 13, 14, 15, 16, 17, 18, 19, 20, 21, 22, 23, 24, 25, 26, 27, 28, 29, 30, 31, 32, 34, 35, 36, 37, 39, 40, 41, 43, 44, 46, 47, 48, 51, 52, 53, 54, 55, 56, 57, 58, 59, 60, 61, 62, 63, 64, 65, 66, 67, 68, 69, 70, 71, 72, 73, 74, 75, 76, 77, 78, 79, 80, 81, 82, 83, 84, 85, 86, 87, 88, 89, 90, 91, 92, 93, 94, 95, 96, 97, 98, 99, 100, 101]
[0, 1, 2, 3, 4, 5, 6, 7, 8, 9, 10, 11, 12, 13, 14, 15, 16, 17, 18, 19, 20, 21, 22, 23, 24, 25, 26, 27, 28, 29, 30, 31, 32, 35, 36, 37, 39, 40, 41, 43, 44, 46, 47, 48, 51, 52, 53, 54, 55, 56, 57, 58, 59, 60, 61, 62, 63, 64, 65, 66, 67, 68, 69, 70, 71, 72, 73, 74, 75, 76, 77, 78, 79, 80, 81, 82, 83, 84, 85, 86, 87, 88, 89, 90, 91, 92, 93, 94, 95, 96, 97, 98, 99, 100, 101]
[0, 1, 2, 3, 4, 5, 6, 7, 8, 9, 10, 11, 12, 13, 14, 15, 16, 17, 18, 19, 20, 21, 22, 23, 24, 25, 26, 27, 28, 29, 30, 31, 32, 35, 36, 37, 39, 40, 41, 43, 44, 46, 47, 51, 52, 53, 54, 55, 56, 57, 58, 59, 60, 61, 62, 63, 64, 65, 66, 67, 68, 69, 70, 71, 72, 73, 74, 75, 76, 77, 78, 79, 80, 81, 82, 83, 84, 85, 86, 87, 88, 89, 90, 91, 92, 93, 94, 95, 96, 97, 98, 99, 100, 101]
[0, 1, 2, 3, 4, 5, 6, 7, 8, 9, 10, 11, 12, 13, 14, 15, 16, 17, 18, 19, 20, 21, 22, 23, 24, 25, 26, 27, 28, 29, 30, 31, 32, 35, 36, 37, 39, 40, 43, 44, 46, 47, 51, 52, 53, 54, 55, 56, 57, 58, 59, 60, 61, 62, 63, 64, 65, 66, 67, 68, 69, 70, 71, 72, 73, 74, 75, 76, 77, 78, 79, 80, 81, 82, 83, 84, 85, 86, 87, 88, 89, 90, 91, 92, 93, 94, 95, 96, 97, 98, 99, 100, 101]
[0, 1, 2, 3, 4, 5, 6, 7, 9, 10, 11, 12, 13, 14, 15, 16, 17, 18, 19, 20, 21, 22, 23, 24, 25, 26, 27, 28, 29, 30, 31, 32, 35, 36, 37, 39, 40, 43, 44, 46, 47, 51, 52, 53, 54, 55, 56, 57, 58, 59, 60, 61, 62, 63, 64, 65, 66, 67, 68, 69, 70, 71, 72, 73, 74, 75, 76, 77, 78, 79, 80, 81, 82, 83, 84, 85, 86, 87, 88, 89, 90, 91, 92, 93, 94, 95, 96, 97, 98, 99, 100, 101]
[0, 1, 2, 3, 4, 5, 6, 7, 9, 10, 11, 12, 13, 14, 15, 16, 17, 18, 19, 20, 21, 22, 23, 24, 25, 26, 27, 28, 29, 30, 31, 32, 35, 36, 37, 39, 40, 43, 46, 47, 51, 52, 53, 54, 55, 56, 57, 58, 59, 60, 61, 62, 63, 64, 65, 66, 67, 68, 69, 70, 71, 72, 73, 74, 75, 76, 77, 78, 79, 80, 81, 82, 83, 84, 85, 86, 87, 88, 89, 90, 91, 92, 93, 94, 95, 96, 97, 98, 99, 100, 101]
[0, 1, 2, 3, 4, 5, 6, 7, 9, 10, 11, 12, 13, 14, 16, 17, 18, 19, 20, 21, 22, 23, 24, 25, 26, 27, 28, 29, 30, 31, 32, 35, 36, 37, 39, 40, 43, 46, 47, 51, 52, 53, 54, 55, 56, 57, 58, 59, 60, 61, 62, 63, 64, 65, 66, 67, 68, 69, 70, 71, 72, 73, 74, 75, 76, 77, 78, 79, 80, 81, 82, 83, 84, 85, 86, 87, 88, 89, 90, 91, 92, 93, 94, 95, 96, 97, 98, 99, 100, 101]
[0, 1, 2, 3, 4, 5, 6, 7, 9, 10, 11, 12, 13, 14, 16, 17, 18, 19, 20, 21, 22, 23, 24, 25, 26, 27, 28, 29, 30, 31, 32, 35, 36, 37, 39, 40, 43, 47, 51, 52, 53, 54, 55, 56, 57, 58, 59, 60, 61, 62, 63, 64, 65, 66, 67, 68, 69, 70, 71, 72, 73, 74, 75, 76, 77, 78, 79, 80, 81, 82, 83, 84, 85, 86, 87, 88, 89, 90, 91, 92, 93, 94, 95, 96, 97, 98, 99, 100, 101]
[0, 1, 2, 3, 4, 5, 6, 7, 9, 10, 11, 12, 13, 14, 16, 17, 18, 19, 20, 21, 22, 23, 24, 25, 26, 27, 28, 29, 30, 31, 32, 35, 36, 37, 39, 40, 47, 51, 52, 53, 54, 55, 56, 57, 58, 59, 60, 61, 62, 63, 64, 65, 66, 67, 68, 69, 70, 71, 72, 73, 74, 75, 76, 77, 78, 79, 80, 81, 82, 83, 84, 85, 86, 87, 88, 89, 90, 91, 92, 93, 94, 95, 96, 97, 98, 99, 100, 101]
[0, 1, 2, 3, 4, 5, 6, 9, 10, 11, 12, 13, 14, 16, 17, 18, 19, 20, 21, 22, 23, 24, 25, 26, 27, 28, 29, 30, 31, 32, 35, 36, 37, 39, 40, 47, 51, 52, 53, 54, 55, 56, 57, 58, 59, 60, 61, 62, 63, 64, 65, 66, 67, 68, 69, 70, 71, 72, 73, 74, 75, 76, 77, 78, 79, 80, 81, 82, 83, 84, 85, 86, 87, 88, 89, 90, 91, 92, 93, 94, 95, 96, 97, 98, 99, 100, 101]
[0, 1, 2, 3, 4, 5, 6, 9, 10, 11, 12, 13, 14, 16, 17, 18, 19, 20, 21, 22, 23, 24, 25, 26, 28, 29, 30, 31, 32, 35, 36, 37, 39, 40, 47, 51, 52, 53, 54, 55, 56, 57, 58, 59, 60, 61, 62, 63, 64, 65, 66, 67, 68, 69, 70, 71, 72, 73, 74, 75, 76, 77, 78, 79, 80, 81, 82, 83, 84, 85, 86, 87, 88, 89, 90, 91, 92, 93, 94, 95, 96, 97, 98, 99, 100, 101]
[1, 2, 3, 4, 5, 6, 9, 10, 11, 12, 13, 14, 16, 17, 18, 19, 20, 21, 22, 23, 24, 25, 26, 28, 29, 30, 31, 32, 35, 36, 37, 39, 40, 47, 51, 52, 53, 54, 55, 56, 57, 58, 59, 60, 61, 62, 63, 64, 65, 66, 67, 68, 69, 70, 71, 72, 73, 74, 75, 76, 77, 78, 79, 80, 81, 82, 83, 84, 85, 86, 87, 88, 89, 90, 91, 92, 93, 94, 95, 96, 97, 98, 99, 100, 101]
[1, 2, 3, 4, 5, 6, 9, 10, 11, 12, 13, 14, 16, 17, 18, 19, 20, 21, 22, 23, 24, 25, 26, 28, 29, 30, 31, 32, 35, 36, 37, 39, 40, 51, 52, 53, 54, 55, 56, 57, 58, 59, 60, 61, 62, 63, 64, 65, 66, 67, 68, 69, 70, 71, 72, 73, 74, 75, 76, 77, 78, 79, 80, 81, 82, 83, 84, 85, 86, 87, 88, 89, 90, 91, 92, 93, 94, 95, 96, 97, 98, 99, 100, 101]
[1, 2, 3, 4, 5, 6, 9, 10, 11, 12, 13, 16, 17, 18, 19, 20, 21, 22, 23, 24, 25, 26, 28, 29, 30, 31, 32, 35, 36, 37, 39, 40, 51, 52, 53, 54, 55, 56, 57, 58, 59, 60, 61, 62, 63, 64, 65, 66, 67, 68, 69, 70, 71, 72, 73, 74, 75, 76, 77, 78, 79, 80, 81, 82, 83, 84, 85, 86, 87, 88, 89, 90, 91, 92, 93, 94, 95, 96, 97, 98, 99, 100, 101]
[1, 2, 3, 4, 5, 6, 9, 10, 12, 13, 16, 17, 18, 19, 20, 21, 22, 23, 24, 25, 26, 28, 29, 30, 31, 32, 35, 36, 37, 39, 40, 51, 52, 53, 54, 55, 56, 57, 58, 59, 60, 61, 62, 63, 64, 65, 66, 67, 68, 69, 70, 71, 72, 73, 74, 75, 76, 77, 78, 79, 80, 81, 82, 83, 84, 85, 86, 87, 88, 89, 90, 91, 92, 93, 94, 95, 96, 97, 98, 99, 100, 101]
[1, 2, 3, 4, 5, 6, 9, 10, 12, 13, 16, 17, 18, 19, 20, 21, 22, 23, 24, 25, 26, 28, 29, 30, 31, 32, 35, 36, 37, 39, 40, 51, 52, 53, 54, 55, 56, 57, 58, 59, 60, 61, 62, 63, 64, 65, 66, 67, 68, 69, 70, 71, 72, 73, 74, 75, 76, 78, 79, 80, 81, 82, 83, 84, 85, 86, 87, 88, 89, 90, 91, 92, 93, 94, 95, 96, 97, 98, 99, 100, 101]
[1, 2, 3, 4, 5, 6, 9, 10, 12, 13, 16, 17, 18, 19, 20, 21, 22, 23, 24, 25, 26, 28, 29, 30, 31, 32, 35, 36, 37, 39, 40, 51, 52, 53, 54, 55, 56, 57, 58, 59, 60, 61, 63, 64, 65, 66, 67, 68, 69, 70, 71, 72, 73, 74, 75, 76, 78, 79, 80, 81, 82, 83, 84, 85, 86, 87, 88, 89, 90, 91, 92, 93, 94, 95, 96, 97, 98, 99, 100, 101]
[1, 2, 3, 4, 5, 6, 9, 10, 12, 13, 16, 17, 18, 19, 20, 21, 22, 23, 24, 25, 26, 28, 29, 30, 31, 32, 35, 36, 37, 39, 40, 51, 52, 53, 55, 56, 57, 58, 59, 60, 61, 63, 64, 65, 66, 67, 68, 69, 70, 71, 72, 73, 74, 75, 76, 78, 79, 80, 81, 82, 83, 84, 85, 86, 87, 88, 89, 90, 91, 92, 93, 94, 95, 96, 97, 98, 99, 100, 101]
[1, 2, 3, 4, 5, 6, 9, 10, 12, 13, 16, 17, 18, 19, 20, 21, 22, 23, 24, 25, 26, 28, 29, 30, 31, 35, 36, 37, 39, 40, 51, 52, 53, 55, 56, 57, 58, 59, 60, 61, 63, 64, 65, 66, 67, 68, 69, 70, 71, 72, 73, 74, 75, 76, 78, 79, 80, 81, 82, 83, 84, 85, 86, 87, 88, 89, 90, 91, 92, 93, 94, 95, 96, 97, 98, 99, 100, 101]
[1, 2, 3, 4, 5, 6, 9, 10, 12, 13, 16, 17, 18, 19, 20, 21, 22, 23, 24, 25, 26, 28, 29, 30, 31, 35, 36, 37, 39, 40, 51, 52, 55, 56, 57, 58, 59, 60, 61, 63, 64, 65, 66, 67, 68, 69, 70, 71, 72, 73, 74, 75, 76, 78, 79, 80, 81, 82, 83, 84, 85, 86, 87, 88, 89, 90, 91, 92, 93, 94, 95, 96, 97, 98, 99, 100, 101]
[1, 2, 3, 4, 5, 6, 9, 10, 12, 13, 16, 17, 18, 19, 20, 21, 22, 23, 24, 25, 26, 28, 29, 30, 31, 35, 36, 37, 39, 40, 51, 52, 55, 56, 57, 58, 59, 60, 61, 63, 65, 66, 67, 68, 69, 70, 71, 72, 73, 74, 75, 76, 78, 79, 80, 81, 82, 83, 84, 85, 86, 87, 88, 89, 90, 91, 92, 93, 94, 95, 96, 97, 98, 99, 100, 101]
[1, 2, 3, 4, 5, 6, 9, 10, 12, 13, 16, 17, 18, 19, 20, 21, 22, 23, 24, 25, 26, 28, 29, 30, 31, 35, 36, 37, 39, 40, 51, 52, 55, 56, 57, 58, 59, 60, 61, 63, 65, 66, 67, 68, 69, 70, 71, 72, 73, 74, 75, 76, 78, 79, 80, 81, 82, 83, 84, 85, 86, 87, 88, 89, 90, 91, 92, 94, 95, 96, 97, 98, 99, 100, 101]
[1, 2, 3, 4, 5, 6, 9, 10, 12, 13, 16, 17, 18, 19, 20, 21, 22, 23, 24, 25, 26, 28, 29, 30, 31, 35, 36, 37, 39, 40, 51, 52, 55, 56, 57, 58, 59, 60, 61, 63, 65, 66, 67, 68, 69, 70, 71, 72, 73, 74, 75, 76, 78, 79, 80, 81, 82, 83, 84, 85, 86, 87, 88, 89, 90, 91, 92, 95, 96, 97, 98, 99, 100, 101]
[1, 2, 3, 4, 5, 6, 9, 10, 12, 13, 16, 17, 18, 19, 20, 21, 22, 23, 24, 25, 26, 28, 29, 30, 31, 35, 36, 37, 39, 40, 51, 52, 55, 56, 57, 58, 59, 60, 61, 63, 65, 66, 67, 68, 69, 70, 71, 72, 74, 75, 76, 78, 79, 80, 81, 82, 83, 84, 85, 86, 87, 88, 89, 90, 91, 92, 95, 96, 97, 98, 99, 100, 101]
[1, 2, 3, 4, 5, 6, 9, 10, 12, 13, 16, 17, 18, 19, 20, 21, 22, 23, 24, 25, 26, 28, 29, 30, 31, 35, 36, 37, 39, 40, 51, 52, 55, 56, 57, 58, 59, 61, 63, 65, 66, 67, 68, 69, 70, 71, 72, 74, 75, 76, 78, 79, 80, 81, 82, 83, 84, 85, 86, 87, 88, 89, 90, 91, 92, 95, 96, 97, 98, 99, 100, 101]
[1, 2, 3, 4, 5, 6, 9, 10, 12, 13, 16, 17, 18, 19, 20, 21, 22, 23, 24, 25, 26, 28, 29, 30, 31, 35, 36, 37, 39, 40, 51, 52, 55, 56, 57, 58, 59, 61, 63, 65, 66, 67, 68, 69, 70, 71, 72, 75, 76, 78, 79, 80, 81, 82, 83, 84, 85, 86, 87, 88, 89, 90, 91, 92, 95, 96, 97, 98, 99, 100, 101]
[1, 2, 3, 4, 5, 6, 9, 10, 12, 13, 16, 17, 18, 19, 20, 21, 22, 23, 24, 25, 26, 28, 29, 30, 31, 35, 36, 37, 39, 40, 51, 52, 55, 56, 57, 58, 59, 61, 63, 65, 66, 67, 68, 69, 71, 72, 75, 76, 78, 79, 80, 81, 82, 83, 84, 85, 86, 87, 88, 89, 90, 91, 92, 95, 96, 97, 98, 99, 100, 101]
[1, 2, 3, 4, 5, 6, 9, 10, 12, 13, 16, 17, 18, 19, 20, 21, 22, 23, 24, 25, 26, 28, 29, 30, 31, 35, 36, 37, 39, 40, 52, 55, 56, 57, 58, 59, 61, 63, 65, 66, 67, 68, 69, 71, 72, 75, 76, 78, 79, 80, 81, 82, 83, 84, 85, 86, 87, 88, 89, 90, 91, 92, 95, 96, 97, 98, 99, 100, 101]
[1, 2, 3, 4, 5, 6, 9, 10, 12, 13, 16, 17, 18, 19, 20, 21, 22, 23, 24, 25, 26, 28, 29, 30, 31, 35, 36, 37, 39, 40, 52, 55, 56, 57, 58, 59, 61, 63, 65, 66, 67, 68, 69, 71, 72, 75, 76, 78, 79, 80, 81, 82, 83, 85, 86, 87, 88, 89, 90, 91, 92, 95, 96, 97, 98, 99, 100, 101]
[1, 2, 3, 4, 5, 6, 9, 10, 12, 13, 16, 17, 18, 19, 20, 21, 22, 23, 24, 25, 26, 28, 29, 30, 31, 36, 37, 39, 40, 52, 55, 56, 57, 58, 59, 61, 63, 65, 66, 67, 68, 69, 71, 72, 75, 76, 78, 79, 80, 81, 82, 83, 85, 86, 87, 88, 89, 90, 91, 92, 95, 96, 97, 98, 99, 100, 101]
[1, 3, 4, 5, 6, 9, 10, 12, 13, 16, 17, 18, 19, 20, 21, 22, 23, 24, 25, 26, 28, 29, 30, 31, 36, 37, 39, 40, 52, 55, 56, 57, 58, 59, 61, 63, 65, 66, 67, 68, 69, 71, 72, 75, 76, 78, 79, 80, 81, 82, 83, 85, 86, 87, 88, 89, 90, 91, 92, 95, 96, 97, 98, 99, 100, 101]
[1, 3, 4, 5, 6, 9, 10, 12, 13, 16, 17, 18, 19, 20, 21, 22, 23, 24, 25, 26, 28, 29, 30, 31, 36, 37, 39, 40, 52, 55, 56, 57, 58, 59, 61, 63, 65, 66, 67, 68, 69, 71, 72, 75, 76, 78, 80, 81, 82, 83, 85, 86, 87, 88, 89, 90, 91, 92, 95, 96, 97, 98, 99, 100, 101]
[1, 3, 4, 5, 6, 9, 10, 12, 13, 16, 17, 18, 19, 20, 21, 22, 23, 24, 25, 26, 28, 29, 30, 31, 36, 37, 39, 40, 52, 55, 56, 57, 58, 59, 61, 63, 65, 66, 67, 68, 69, 71, 75, 76, 78, 80, 81, 82, 83, 85, 86, 87, 88, 89, 90, 91, 92, 95, 96, 97, 98, 99, 100, 101]
[1, 3, 4, 5, 6, 9, 10, 12, 13, 16, 17, 18, 19, 20, 21, 22, 23, 24, 25, 26, 28, 29, 30, 31, 36, 37, 39, 40, 52, 55, 56, 57, 58, 59, 61, 63, 65, 66, 67, 68, 69, 71, 75, 76, 78, 80, 81, 82, 83, 85, 86, 87, 88, 89, 90, 91, 92, 96, 97, 98, 99, 100, 101]
[1, 3, 4, 5, 6, 9, 10, 12, 13, 16, 17, 18, 19, 20, 21, 22, 23, 24, 25, 26, 28, 29, 30, 31, 36, 37, 39, 40, 52, 55, 57, 58, 59, 61, 63, 65, 66, 67, 68, 69, 71, 75, 76, 78, 80, 81, 82, 83, 85, 86, 87, 88, 89, 90, 91, 92, 96, 97, 98, 99, 100, 101]
[1, 3, 4, 5, 6, 9, 10, 12, 13, 16, 17, 18, 19, 20, 21, 22, 23, 24, 25, 26, 28, 29, 30, 31, 36, 37, 39, 40, 52, 55, 57, 58, 59, 61, 63, 65, 66, 67, 68, 69, 71, 75, 76, 80, 81, 82, 83, 85, 86, 87, 88, 89, 90, 91, 92, 96, 97, 98, 99, 100, 101]
[1, 3, 4, 5, 6, 9, 10, 12, 13, 16, 17, 18, 19, 20, 21, 22, 23, 24, 25, 26, 28, 29, 30, 31, 36, 37, 39, 40, 52, 55, 57, 58, 59, 61, 63, 65, 66, 67, 68, 69, 71, 75, 76, 80, 81, 82, 83, 85, 86, 87, 88, 89, 90, 91, 92, 97, 98, 99, 100, 101]
[1, 3, 4, 5, 6, 9, 10, 12, 13, 16, 17, 18, 19, 20, 21, 22, 23, 24, 25, 26, 28, 29, 30, 31, 36, 37, 39, 40, 52, 55, 57, 58, 61, 63, 65, 66, 67, 68, 69, 71, 75, 76, 80, 81, 82, 83, 85, 86, 87, 88, 89, 90, 91, 92, 97, 98, 99, 100, 101]
[1, 3, 4, 5, 6, 9, 10, 12, 13, 16, 17, 18, 19, 20, 21, 22, 23, 24, 25, 26, 28, 29, 30, 31, 36, 37, 39, 40, 52, 55, 57, 58, 61, 63, 65, 66, 67, 68, 69, 71, 76, 80, 81, 82, 83, 85, 86, 87, 88, 89, 90, 91, 92, 97, 98, 99, 100, 101]
[1, 3, 4, 5, 6, 9, 10, 12, 13, 16, 17, 18, 19, 20, 21, 22, 23, 24, 25, 26, 28, 29, 30, 31, 36, 37, 39, 40, 52, 55, 57, 58, 61, 63, 65, 66, 67, 68, 69, 71, 76, 80, 81, 82, 83, 85, 86, 87, 88, 89, 90, 91, 92, 98, 99, 100, 101]
[1, 3, 4, 5, 6, 9, 10, 12, 13, 16, 17, 18, 19, 20, 21, 22, 23, 24, 25, 26, 28, 29, 30, 31, 36, 37, 39, 40, 52, 55, 58, 61, 63, 65, 66, 67, 68, 69, 71, 76, 80, 81, 82, 83, 85, 86, 87, 88, 89, 90, 91, 92, 98, 99, 100, 101]
[1, 3, 4, 5, 6, 9, 10, 12, 13, 16, 17, 18, 19, 20, 21, 22, 23, 24, 25, 26, 28, 29, 30, 31, 36, 37, 39, 40, 52, 55, 58, 61, 63, 65, 66, 67, 68, 69, 71, 76, 80, 81, 82, 83, 85, 86, 87, 88, 89, 90, 91, 92, 99, 100, 101]
[1, 3, 4, 5, 6, 9, 10, 12, 13, 16, 17, 18, 19, 20, 21, 22, 23, 24, 25, 26, 28, 29, 30, 31, 36, 37, 39, 40, 52, 55, 58, 61, 63, 65, 66, 67, 68, 69, 71, 76, 80, 81, 82, 83, 85, 86, 87, 88, 89, 90, 91, 92, 100, 101]
[1, 3, 4, 5, 6, 9, 10, 12, 13, 16, 17, 18, 19, 20, 21, 22, 23, 24, 25, 26, 28, 29, 30, 31, 36, 37, 39, 40, 52, 55, 58, 61, 63, 65, 66, 67, 68, 69, 71, 76, 80, 81, 82, 83, 85, 86, 87, 88, 89, 90, 91, 92, 101]
[1, 3, 4, 5, 6, 9, 10, 12, 13, 16, 17, 18, 19, 20, 21, 22, 23, 24, 25, 26, 28, 29, 30, 31, 36, 37, 39, 40, 52, 55, 58, 61, 63, 66, 67, 68, 69, 71, 76, 80, 81, 82, 83, 85, 86, 87, 88, 89, 90, 91, 92, 101]
[1, 3, 4, 5, 6, 9, 10, 12, 13, 16, 17, 18, 19, 20, 21, 22, 23, 24, 25, 26, 28, 29, 30, 31, 36, 37, 39, 40, 52, 55, 58, 61, 63, 66, 67, 68, 69, 71, 76, 80, 81, 82, 85, 86, 87, 88, 89, 90, 91, 92, 101]
[1, 3, 4, 5, 6, 9, 10, 12, 13, 16, 17, 18, 19, 20, 21, 22, 23, 24, 25, 26, 28, 29, 30, 31, 36, 37, 39, 40, 55, 58, 61, 63, 66, 67, 68, 69, 71, 76, 80, 81, 82, 85, 86, 87, 88, 89, 90, 91, 92, 101]
[1, 3, 4, 5, 6, 9, 10, 12, 16, 17, 18, 19, 20, 21, 22, 23, 24, 25, 26, 28, 29, 30, 31, 36, 37, 39, 40, 55, 58, 61, 63, 66, 67, 68, 69, 71, 76, 80, 81, 82, 85, 86, 87, 88, 89, 90, 91, 92, 101]
[1, 3, 4, 5, 6, 10, 12, 16, 17, 18, 19, 20, 21, 22, 23, 24, 25, 26, 28, 29, 30, 31, 36, 37, 39, 40, 55, 58, 61, 63, 66, 67, 68, 69, 71, 76, 80, 81, 82, 85, 86, 87, 88, 89, 90, 91, 92, 101]
[1, 3, 4, 5, 6, 10, 12, 17, 18, 19, 20, 21, 22, 23, 24, 25, 26, 28, 29, 30, 31, 36, 37, 39, 40, 55, 58, 61, 63, 66, 67, 68, 69, 71, 76, 80, 81, 82, 85, 86, 87, 88, 89, 90, 91, 92, 101]
[1, 3, 4, 5, 6, 12, 17, 18, 19, 20, 21, 22, 23, 24, 25, 26, 28, 29, 30, 31, 36, 37, 39, 40, 55, 58, 61, 63, 66, 67, 68, 69, 71, 76, 80, 81, 82, 85, 86, 87, 88, 89, 90, 91, 92, 101]
[3, 4, 5, 6, 12, 17, 18, 19, 20, 21, 22, 23, 24, 25, 26, 28, 29, 30, 31, 36, 37, 39, 40, 55, 58, 61, 63, 66, 67, 68, 69, 71, 76, 80, 81, 82, 85, 86, 87, 88, 89, 90, 91, 92, 101]
[3, 4, 5, 6, 12, 17, 18, 19, 20, 21, 22, 23, 25, 26, 28, 29, 30, 31, 36, 37, 39, 40, 55, 58, 61, 63, 66, 67, 68, 69, 71, 76, 80, 81, 82, 85, 86, 87, 88, 89, 90, 91, 92, 101]
[3, 4, 5, 6, 17, 18, 19, 20, 21, 22, 23, 25, 26, 28, 29, 30, 31, 36, 37, 39, 40, 55, 58, 61, 63, 66, 67, 68, 69, 71, 76, 80, 81, 82, 85, 86, 87, 88, 89, 90, 91, 92, 101]
[3, 4, 5, 6, 17, 18, 19, 20, 21, 22, 23, 25, 26, 28, 29, 30, 31, 36, 37, 39, 40, 55, 58, 61, 66, 67, 68, 69, 71, 76, 80, 81, 82, 85, 86, 87, 88, 89, 90, 91, 92, 101]
[3, 4, 5, 6, 17, 18, 19, 20, 21, 22, 23, 25, 26, 28, 29, 30, 31, 36, 37, 39, 40, 55, 58, 61, 66, 67, 68, 69, 71, 80, 81, 82, 85, 86, 87, 88, 89, 90, 91, 92, 101]
[3, 4, 5, 6, 17, 18, 19, 20, 21, 22, 23, 25, 26, 28, 29, 30, 31, 37, 39, 40, 55, 58, 61, 66, 67, 68, 69, 71, 80, 81, 82, 85, 86, 87, 88, 89, 90, 91, 92, 101]
[4, 5, 6, 17, 18, 19, 20, 21, 22, 23, 25, 26, 28, 29, 30, 31, 37, 39, 40, 55, 58, 61, 66, 67, 68, 69, 71, 80, 81, 82, 85, 86, 87, 88, 89, 90, 91, 92, 101]
[4, 5, 6, 17, 18, 19, 20, 21, 22, 23, 25, 26, 28, 29, 30, 31, 37, 39, 40, 55, 58, 61, 66, 68, 69, 71, 80, 81, 82, 85, 86, 87, 88, 89, 90, 91, 92, 101]
[4, 5, 6, 17, 18, 19, 20, 21, 22, 23, 25, 26, 29, 30, 31, 37, 39, 40, 55, 58, 61, 66, 68, 69, 71, 80, 81, 82, 85, 86, 87, 88, 89, 90, 91, 92, 101]
[4, 5, 6, 17, 18, 19, 20, 21, 22, 23, 25, 26, 29, 30, 31, 37, 39, 40, 55, 58, 66, 68, 69, 71, 80, 81, 82, 85, 86, 87, 88, 89, 90, 91, 92, 101]
[4, 5, 6, 17, 18, 19, 20, 21, 22, 23, 25, 26, 29, 30, 31, 37, 39, 40, 55, 58, 68, 69, 71, 80, 81, 82, 85, 86, 87, 88, 89, 90, 91, 92, 101]
[4, 5, 6, 17, 18, 19, 20, 21, 22, 23, 25, 26, 29, 30, 31, 37, 39, 40, 55, 58, 68, 69, 71, 80, 81, 82, 85, 86, 87, 88, 89, 90, 91, 92]
[4, 5, 6, 17, 18, 19, 20, 21, 22, 23, 25, 26, 29, 30, 31, 37, 39, 40, 55, 58, 69, 71, 80, 81, 82, 85, 86, 87, 88, 89, 90, 91, 92]
[4, 5, 6, 17, 18, 19, 20, 21, 22, 23, 25, 26, 29, 30, 31, 37, 39, 40, 58, 69, 71, 80, 81, 82, 85, 86, 87, 88, 89, 90, 91, 92]
[4, 5, 6, 17, 18, 19, 20, 21, 22, 23, 25, 26, 29, 30, 31, 37, 39, 40, 58, 69, 71, 81, 82, 85, 86, 87, 88, 89, 90, 91, 92]
[4, 5, 6, 17, 18, 19, 20, 21, 22, 23, 25, 26, 30, 31, 37, 39, 40, 58, 69, 71, 81, 82, 85, 86, 87, 88, 89, 90, 91, 92]
[4, 5, 6, 17, 18, 19, 20, 21, 22, 23, 25, 26, 30, 31, 37, 39, 40, 69, 71, 81, 82, 85, 86, 87, 88, 89, 90, 91, 92]
[4, 5, 6, 17, 18, 19, 20, 21, 22, 23, 25, 26, 30, 31, 37, 39, 40, 69, 71, 82, 85, 86, 87, 88, 89, 90, 91, 92]
[4, 5, 6, 17, 18, 19, 20, 21, 22, 23, 25, 26, 30, 31, 37, 39, 40, 69, 82, 85, 86, 87, 88, 89, 90, 91, 92]
[4, 5, 6, 17, 18, 19, 20, 21, 22, 23, 25, 26, 30, 31, 37, 39, 40, 69, 82, 86, 87, 88, 89, 90, 91, 92]
[4, 5, 6, 17, 18, 19, 20, 21, 22, 23, 25, 26, 30, 31, 37, 39, 40, 69, 82, 87, 88, 89, 90, 91, 92]
[4, 5, 6, 17, 18, 19, 20, 21, 22, 23, 25, 26, 30, 31, 37, 39, 40, 69, 82, 88, 89, 90, 91, 92]
[4, 5, 6, 17, 18, 19, 20, 21, 22, 23, 25, 26, 30, 31, 37, 39, 40, 69, 82, 89, 90, 91, 92]
[4, 5, 6, 17, 18, 19, 20, 21, 22, 23, 25, 26, 30, 31, 37, 39, 40, 69, 82, 90, 91, 92]
[4, 5, 6, 17, 18, 19, 20, 21, 22, 23, 25, 26, 30, 31, 37, 39, 40, 69, 82, 91, 92]
[4, 5, 6, 17, 18, 19, 20, 21, 22, 23, 25, 26, 30, 31, 37, 39, 40, 69, 82, 92]
[4, 5, 6, 17, 18, 19, 20, 21, 22, 23, 25, 26, 30, 31, 37, 39, 40, 69, 82]
[4, 5, 6, 17, 18, 19, 20, 21, 22, 23, 25, 26, 30, 31, 37, 39, 40, 82]
[4, 5, 6, 17, 18, 19, 20, 21, 22, 23, 25, 26, 30, 31, 37, 40, 82]
[4, 5, 6, 17, 18, 19, 20, 21, 22, 23, 25, 26, 30, 31, 37, 82]
15 sbs with knn [4, 5, 17, 18, 19, 20, 21, 22, 23, 25, 26, 30, 31, 37, 82]
accuracy of knn 0.9306666666666666
accuracy of forest 0.918

Process finished with exit code 0
