C:\Users\asimchi\AppData\Local\Programs\Python\Python36-32\python.exe C:/Users/asimchi/PycharmProjects/Final/feature_selection/sfs_with_knn_random.py
--------------------- SFS Random --------------------------
[]
[5]
[5, 31]
[5, 31, 20]
[5, 31, 20, 19]
[5, 31, 20, 19, 30]
[5, 31, 20, 19, 30, 26]
[5, 31, 20, 19, 30, 26, 82]
[5, 31, 20, 19, 30, 26, 82, 18]
[5, 31, 20, 19, 30, 26, 82, 18, 40]
[5, 31, 20, 19, 30, 26, 82, 18, 40, 4]
[5, 31, 20, 19, 30, 26, 82, 18, 40, 4, 17]
[5, 31, 20, 19, 30, 26, 82, 18, 40, 4, 17, 37]
[5, 31, 20, 19, 30, 26, 82, 18, 40, 4, 17, 37, 29]
[37, 18, 29, 31, 26, 82, 20, 17, 5, 30, 40, 71]
[37, 18, 29, 31, 26, 82, 20, 17, 5, 30, 40, 71, 4]
[37, 18, 29, 31, 26, 82, 20, 17, 5, 30, 40, 71, 4, 39]
[18, 71, 82, 4, 5, 20, 40, 26, 30, 31, 17, 39, 22]
[39, 31, 26, 22, 20, 40, 82, 17, 18, 5, 30, 37]
[39, 31, 26, 22, 20, 40, 82, 17, 18, 5, 30, 37, 4]
[39, 31, 26, 22, 20, 40, 82, 17, 18, 5, 30, 37, 4, 71]
15 random sfs with knn [39, 31, 26, 22, 20, 40, 82, 17, 18, 5, 30, 37, 4, 71, 57]
accuracy of knn 0.930666666667
accuracy of forest 0.916

[]
[5]
[5, 31]
[5, 31, 20]
[5, 31, 20, 19]
[5, 31, 4]
[5, 31, 4, 26]
[5, 31, 4, 26, 30]
[5, 31, 4, 26, 30, 22]
[31, 4, 5, 26, 20]
[31, 4, 5, 26, 20, 17]
[17, 5, 20, 31, 30]
[17, 5, 20, 31, 30, 26]
[17, 5, 20, 31, 30, 26, 40]
[17, 5, 20, 31, 30, 26, 40, 82]
[17, 5, 20, 31, 30, 26, 40, 82, 37]
[17, 5, 20, 31, 30, 26, 40, 82, 37, 21]
[17, 5, 20, 31, 30, 26, 40, 82, 37, 21, 22]
[17, 5, 20, 31, 30, 26, 40, 82, 37, 21, 22, 4]
[17, 5, 20, 31, 30, 26, 40, 82, 37, 21, 22, 4, 39]
[17, 5, 20, 31, 30, 26, 40, 82, 37, 21, 22, 4, 39, 78]
15 random sfs with knn [17, 5, 20, 31, 30, 26, 40, 82, 37, 21, 22, 4, 39, 78, 57]
accuracy of knn 0.931333333333
accuracy of forest 0.928

[]
[5]
[5, 31]
[5, 31, 20]
[5, 31, 20, 19]
[5, 31, 20, 19, 30]
[5, 31, 20, 19, 30, 26]
[5, 31, 20, 19, 30, 26, 82]
[5, 31, 20, 19, 30, 26, 82, 18]
[5, 31, 20, 19, 30, 26, 82, 18, 40]
[5, 31, 20, 19, 30, 26, 82, 18, 40, 4]
[5, 19, 31, 30, 82, 20, 26, 40, 17]
[5, 19, 31, 30, 82, 20, 26, 40, 17, 21]
[5, 19, 31, 30, 82, 20, 26, 40, 17, 21, 37]
[5, 19, 31, 30, 82, 20, 26, 40, 17, 21, 37, 4]
[5, 19, 31, 30, 82, 20, 26, 40, 17, 21, 37, 4, 39]
[5, 19, 31, 30, 82, 20, 26, 40, 17, 21, 37, 4, 39, 71]
[5, 19, 31, 30, 82, 20, 26, 40, 17, 21, 37, 4, 39, 71, 22]
16 random sfs with knn [5, 19, 31, 30, 82, 20, 26, 40, 17, 21, 37, 4, 39, 71, 22, 57]
accuracy of knn 0.93
accuracy of forest 0.923333333333

[]
[5]
[5, 31]
[5, 31, 20]
[5, 31, 20, 19]
[5, 31, 20, 19, 30]
[5, 31, 20, 19, 30, 26]
[5, 31, 20, 19, 30, 26, 82]
[5, 31, 20, 19, 30, 26, 82, 18]
[5, 31, 20, 19, 30, 26, 82, 18, 40]
[5, 31, 20, 19, 30, 26, 82, 18, 40, 4]
[5, 31, 20, 19, 30, 26, 82, 18, 40, 4, 17]
[5, 31, 20, 19, 30, 26, 82, 18, 40, 4, 17, 37]
[5, 31, 20, 19, 30, 26, 82, 18, 40, 4, 17, 37, 29]
[5, 31, 20, 19, 30, 26, 82, 18, 40, 4, 17, 37, 29, 39]
[5, 31, 20, 19, 30, 26, 82, 18, 40, 4, 17, 37, 29, 39, 58]
[18, 82, 26, 29, 4, 17, 40, 31, 58, 20, 5, 30, 37, 39]
[82, 30, 17, 37, 40, 5, 4, 20, 18, 31, 26, 39, 21]
[39, 31, 20, 21, 30, 5, 17, 26, 82, 40, 37, 29]
[17, 31, 40, 26, 37, 39, 20, 5, 30, 82, 18]
[17, 31, 40, 26, 37, 39, 20, 5, 30, 82, 18, 22]
[17, 31, 40, 26, 37, 39, 20, 5, 30, 82, 18, 22, 4]
[22, 82, 5, 31, 20, 40, 18, 17, 37, 26, 30, 39]
[22, 82, 5, 31, 20, 40, 18, 17, 37, 26, 30, 39, 4]
[22, 82, 5, 31, 20, 40, 18, 17, 37, 26, 30, 39, 4, 71]
[22, 82, 5, 31, 20, 40, 18, 17, 37, 26, 30, 39, 4, 71, 57]
16 random sfs with knn [22, 82, 5, 31, 20, 40, 18, 17, 37, 26, 30, 39, 4, 71, 57, 85]
accuracy of knn 0.926
accuracy of forest 0.914

[]
[5]
[5, 31]
[5, 31, 20]
[5, 31, 20, 19]
[5, 31, 20, 19, 30]
[5, 31, 20, 19, 30, 26]
[5, 31, 20, 19, 30, 26, 82]
[5, 31, 20, 19, 30, 26, 82, 18]
[5, 31, 20, 19, 30, 26, 82, 18, 40]
[40, 26, 19, 5, 20, 30, 31, 4]
[20, 19, 26, 5, 30, 31, 18]
[5, 30, 19, 20, 31, 23]
[5, 30, 19, 20, 31, 23, 26]
[5, 30, 19, 20, 31, 23, 26, 82]
[5, 30, 19, 20, 31, 23, 26, 82, 37]
[5, 30, 19, 20, 31, 23, 26, 82, 37, 40]
[5, 30, 19, 20, 31, 23, 26, 82, 37, 40, 18]
[5, 30, 19, 20, 31, 23, 26, 82, 37, 40, 18, 4]
[26, 30, 40, 4, 82, 18, 5, 19, 31, 20, 17]
[5, 26, 18, 82, 20, 30, 40, 31, 17, 37]
[5, 26, 18, 82, 20, 30, 40, 31, 17, 37, 22]
[5, 26, 18, 82, 20, 30, 40, 31, 17, 37, 22, 4]
[40, 26, 37, 31, 22, 5, 18, 30, 20, 82, 17]
[40, 26, 37, 31, 22, 5, 18, 30, 20, 82, 17, 4]
[40, 26, 37, 31, 22, 5, 18, 30, 20, 82, 17, 4, 39]
[40, 26, 37, 31, 22, 5, 18, 30, 20, 82, 17, 4, 39, 71]
[40, 26, 37, 31, 22, 5, 18, 30, 20, 82, 17, 4, 39, 71, 57]
[40, 26, 37, 31, 22, 5, 18, 30, 20, 82, 17, 4, 39, 71, 57, 85]
17 random sfs with knn [40, 26, 37, 31, 22, 5, 18, 30, 20, 82, 17, 4, 39, 71, 57, 85, 84]
accuracy of knn 0.923333333333
accuracy of forest 0.918

[]
[5]
[5, 31]
[5, 31, 20]
[5, 31, 20, 19]
[5, 31, 20, 19, 30]
[5, 31, 20, 19, 30, 26]
[5, 31, 20, 19, 30, 26, 82]
[5, 31, 20, 19, 30, 26, 82, 18]
[5, 31, 20, 19, 30, 26, 82, 18, 40]
[40, 26, 19, 5, 20, 30, 31, 4]
[40, 26, 19, 5, 20, 30, 31, 4, 82]
[40, 26, 19, 5, 20, 30, 31, 4, 82, 18]
[5, 26, 20, 18, 31, 19, 30, 82, 17]
[17, 18, 20, 31, 30, 26, 82, 4]
[17, 18, 20, 31, 30, 26, 82, 4, 5]
[17, 18, 20, 31, 30, 26, 82, 4, 5, 37]
[17, 18, 20, 31, 30, 26, 82, 4, 5, 37, 22]
[17, 18, 20, 31, 30, 26, 82, 4, 5, 37, 22, 40]
[17, 18, 20, 31, 30, 26, 82, 4, 5, 37, 22, 40, 39]
[40, 37, 18, 26, 82, 20, 22, 17, 30, 31, 5, 39]
[40, 37, 18, 26, 82, 20, 22, 17, 30, 31, 5, 39, 4]
[40, 37, 18, 26, 82, 20, 22, 17, 30, 31, 5, 39, 4, 71]
[40, 37, 18, 26, 82, 20, 22, 17, 30, 31, 5, 39, 4, 71, 57]
[40, 37, 18, 26, 82, 20, 22, 17, 30, 31, 5, 39, 4, 71, 57, 85]
[17, 18, 71, 20, 82, 40, 5, 37, 22, 4, 31, 26, 30, 39, 85]
[17, 18, 71, 20, 82, 40, 5, 37, 22, 4, 31, 26, 30, 39, 85, 57]
17 random sfs with knn [17, 18, 71, 20, 82, 40, 5, 37, 22, 4, 31, 26, 30, 39, 85, 57, 84]
accuracy of knn 0.923333333333
accuracy of forest 0.924


Process finished with exit code 0